{
    "camera_angle_x": 0.6911112070083618,
    "frames": [
        {
            "file_path": "./train/r_0",
            "rotation": 0.012566370614359171,
            "transform_matrix": [
                [
                    -1.0,
                    0.0,
                    0.0,
                    0.0
                ],
                [
                    0.0,
                    0.22495105862617493,
                    0.9743700623512268,
                    18.513031005859375
                ],
                [
                    0.0,
                    0.9743700623512268,
                    -0.22495105862617493,
                    -4.2740702629089355
                ],
                [
                    0.0,
                    0.0,
                    0.0,
                    1.0
                ]
            ]
        },
        {
            "file_path": "./train/r_1",
            "rotation": 0.012566370614359171,
            "transform_matrix": [
                [
                    -0.9238795042037964,
                    0.08608504384756088,
                    0.37287527322769165,
                    7.084630012512207
                ],
                [
                    0.3826834261417389,
                    0.20782767236232758,
                    0.9002005457878113,
                    17.103809356689453
                ],
                [
                    0.0,
                    0.9743700623512268,
                    -0.22495105862617493,
                    -4.2740702629089355
                ],
                [
                    0.0,
                    0.0,
                    0.0,
                    1.0
                ]
            ]
        },
        {
            "file_path": "./train/r_2",
            "rotation": 0.012566370614359171,
            "transform_matrix": [
                [
                    -0.7071067690849304,
                    0.1590644121170044,
                    0.688983678817749,
                    13.090689659118652
                ],
                [
                    0.7071067690849304,
                    0.1590644121170044,
                    0.688983678817749,
                    13.090689659118652
                ],
                [
                    0.0,
                    0.9743700623512268,
                    -0.22495105862617493,
                    -4.2740702629089355
                ],
                [
                    0.0,
                    0.0,
                    0.0,
                    1.0
                ]
            ]
        },
        {
            "file_path": "./train/r_3",
            "rotation": 0.012566370614359171,
            "transform_matrix": [
                [
                    -0.3826834261417389,
                    0.20782767236232758,
                    0.9002005457878113,
                    17.103809356689453
                ],
                [
                    0.9238795042037964,
                    0.08608504384756088,
                    0.37287527322769165,
                    7.084630012512207
                ],
                [
                    0.0,
                    0.9743700623512268,
                    -0.22495105862617493,
                    -4.2740702629089355
                ],
                [
                    0.0,
                    0.0,
                    0.0,
                    1.0
                ]
            ]
        },
        {
            "file_path": "./train/r_4",
            "rotation": 0.012566370614359171,
            "transform_matrix": [
                [
                    -6.123234262925839e-17,
                    0.22495105862617493,
                    0.9743700623512268,
                    18.513031005859375
                ],
                [
                    1.0,
                    1.3774280216223859e-17,
                    5.966296263156359e-17,
                    1.1335962635299285e-15
                ],
                [
                    0.0,
                    0.9743700623512268,
                    -0.22495105862617493,
                    -4.2740702629089355
                ],
                [
                    0.0,
                    0.0,
                    0.0,
                    1.0
                ]
            ]
        },
        {
            "file_path": "./train/r_5",
            "rotation": 0.012566370614359171,
            "transform_matrix": [
                [
                    0.3826834261417389,
                    0.20782767236232758,
                    0.9002005457878113,
                    17.103809356689453
                ],
                [
                    0.9238795042037964,
                    -0.08608504384756088,
                    -0.37287527322769165,
                    -7.084630012512207
                ],
                [
                    0.0,
                    0.9743700623512268,
                    -0.22495105862617493,
                    -4.2740702629089355
                ],
                [
                    0.0,
                    0.0,
                    0.0,
                    1.0
                ]
            ]
        },
        {
            "file_path": "./train/r_6",
            "rotation": 0.012566370614359171,
            "transform_matrix": [
                [
                    0.7071067690849304,
                    0.1590644121170044,
                    0.688983678817749,
                    13.090689659118652
                ],
                [
                    0.7071067690849304,
                    -0.1590644121170044,
                    -0.688983678817749,
                    -13.090689659118652
                ],
                [
                    0.0,
                    0.9743700623512268,
                    -0.22495105862617493,
                    -4.2740702629089355
                ],
                [
                    0.0,
                    0.0,
                    0.0,
                    1.0
                ]
            ]
        },
        {
            "file_path": "./train/r_7",
            "rotation": 0.012566370614359171,
            "transform_matrix": [
                [
                    0.9238795042037964,
                    0.08608504384756088,
                    0.37287527322769165,
                    7.084630012512207
                ],
                [
                    0.3826834261417389,
                    -0.20782767236232758,
                    -0.9002005457878113,
                    -17.103809356689453
                ],
                [
                    0.0,
                    0.9743700623512268,
                    -0.22495105862617493,
                    -4.2740702629089355
                ],
                [
                    0.0,
                    0.0,
                    0.0,
                    1.0
                ]
            ]
        },
        {
            "file_path": "./train/r_8",
            "rotation": 0.012566370614359171,
            "transform_matrix": [
                [
                    1.0,
                    2.7548560432447717e-17,
                    1.1932592526312717e-16,
                    2.267192527059857e-15
                ],
                [
                    1.2246468525851679e-16,
                    -0.22495105862617493,
                    -0.9743700623512268,
                    -18.513031005859375
                ],
                [
                    0.0,
                    0.9743700623512268,
                    -0.22495105862617493,
                    -4.2740702629089355
                ],
                [
                    0.0,
                    0.0,
                    0.0,
                    1.0
                ]
            ]
        },
        {
            "file_path": "./train/r_9",
            "rotation": 0.012566370614359171,
            "transform_matrix": [
                [
                    0.9238795042037964,
                    -0.08608504384756088,
                    -0.37287527322769165,
                    -7.084630012512207
                ],
                [
                    -0.3826834261417389,
                    -0.20782767236232758,
                    -0.9002005457878113,
                    -17.103809356689453
                ],
                [
                    0.0,
                    0.9743700623512268,
                    -0.22495105862617493,
                    -4.2740702629089355
                ],
                [
                    0.0,
                    0.0,
                    0.0,
                    1.0
                ]
            ]
        },
        {
            "file_path": "./train/r_10",
            "rotation": 0.012566370614359171,
            "transform_matrix": [
                [
                    0.7071067690849304,
                    -0.1590644121170044,
                    -0.688983678817749,
                    -13.090689659118652
                ],
                [
                    -0.7071067690849304,
                    -0.1590644121170044,
                    -0.688983678817749,
                    -13.090689659118652
                ],
                [
                    0.0,
                    0.9743700623512268,
                    -0.22495105862617493,
                    -4.2740702629089355
                ],
                [
                    0.0,
                    0.0,
                    0.0,
                    1.0
                ]
            ]
        },
        {
            "file_path": "./train/r_11",
            "rotation": 0.012566370614359171,
            "transform_matrix": [
                [
                    0.3826834261417389,
                    -0.20782767236232758,
                    -0.9002005457878113,
                    -17.103809356689453
                ],
                [
                    -0.9238795042037964,
                    -0.08608504384756088,
                    -0.37287527322769165,
                    -7.084630012512207
                ],
                [
                    0.0,
                    0.9743700623512268,
                    -0.22495105862617493,
                    -4.2740702629089355
                ],
                [
                    0.0,
                    0.0,
                    0.0,
                    1.0
                ]
            ]
        },
        {
            "file_path": "./train/r_12",
            "rotation": 0.012566370614359171,
            "transform_matrix": [
                [
                    1.8369701465288538e-16,
                    -0.22495105862617493,
                    -0.9743700623512268,
                    -18.513031005859375
                ],
                [
                    -1.0,
                    -4.1322836512768513e-17,
                    -1.7898887465980095e-16,
                    -3.4007885788315487e-15
                ],
                [
                    0.0,
                    0.9743700623512268,
                    -0.22495105862617493,
                    -4.2740702629089355
                ],
                [
                    0.0,
                    0.0,
                    0.0,
                    1.0
                ]
            ]
        },
        {
            "file_path": "./train/r_13",
            "rotation": 0.012566370614359171,
            "transform_matrix": [
                [
                    -0.3826834261417389,
                    -0.20782767236232758,
                    -0.9002005457878113,
                    -17.103809356689453
                ],
                [
                    -0.9238795042037964,
                    0.08608504384756088,
                    0.37287527322769165,
                    7.084630012512207
                ],
                [
                    0.0,
                    0.9743700623512268,
                    -0.22495105862617493,
                    -4.2740702629089355
                ],
                [
                    0.0,
                    0.0,
                    0.0,
                    1.0
                ]
            ]
        },
        {
            "file_path": "./train/r_14",
            "rotation": 0.012566370614359171,
            "transform_matrix": [
                [
                    -0.7071067690849304,
                    -0.1590644121170044,
                    -0.688983678817749,
                    -13.090689659118652
                ],
                [
                    -0.7071067690849304,
                    0.1590644121170044,
                    0.688983678817749,
                    13.090689659118652
                ],
                [
                    0.0,
                    0.9743700623512268,
                    -0.22495105862617493,
                    -4.2740702629089355
                ],
                [
                    0.0,
                    0.0,
                    0.0,
                    1.0
                ]
            ]
        },
        {
            "file_path": "./train/r_15",
            "rotation": 0.012566370614359171,
            "transform_matrix": [
                [
                    -0.9238795042037964,
                    -0.08608504384756088,
                    -0.37287527322769165,
                    -7.084630012512207
                ],
                [
                    -0.3826834261417389,
                    0.20782767236232758,
                    0.9002005457878113,
                    17.103809356689453
                ],
                [
                    0.0,
                    0.9743700623512268,
                    -0.22495105862617493,
                    -4.2740702629089355
                ],
                [
                    0.0,
                    0.0,
                    0.0,
                    1.0
                ]
            ]
        },
        {
            "file_path": "./train/r_16",
            "rotation": 0.012566370614359171,
            "transform_matrix": [
                [
                    -1.0,
                    0.0,
                    0.0,
                    0.0
                ],
                [
                    0.0,
                    0.5,
                    0.8660253882408142,
                    18.619544982910156
                ],
                [
                    0.0,
                    0.8660253882408142,
                    -0.5,
                    -10.75
                ],
                [
                    0.0,
                    0.0,
                    0.0,
                    1.0
                ]
            ]
        },
        {
            "file_path": "./train/r_17",
            "rotation": 0.012566370614359171,
            "transform_matrix": [
                [
                    -0.9238795042037964,
                    0.19134171307086945,
                    0.3314135670661926,
                    7.125391483306885
                ],
                [
                    0.3826834261417389,
                    0.4619397521018982,
                    0.8001031279563904,
                    17.20221519470215
                ],
                [
                    0.0,
                    0.8660253882408142,
                    -0.5,
                    -10.75
                ],
                [
                    0.0,
                    0.0,
                    0.0,
                    1.0
                ]
            ]
        },
        {
            "file_path": "./train/r_18",
            "rotation": 0.012566370614359171,
            "transform_matrix": [
                [
                    -0.7071067690849304,
                    0.3535533845424652,
                    0.6123723983764648,
                    13.166006088256836
                ],
                [
                    0.7071067690849304,
                    0.3535533845424652,
                    0.6123723983764648,
                    13.166006088256836
                ],
                [
                    0.0,
                    0.8660253882408142,
                    -0.5,
                    -10.75
                ],
                [
                    0.0,
                    0.0,
                    0.0,
                    1.0
                ]
            ]
        },
        {
            "file_path": "./train/r_19",
            "rotation": 0.012566370614359171,
            "transform_matrix": [
                [
                    -0.3826834261417389,
                    0.4619397521018982,
                    0.8001031279563904,
                    17.20221519470215
                ],
                [
                    0.9238795042037964,
                    0.19134171307086945,
                    0.3314135670661926,
                    7.125391483306885
                ],
                [
                    0.0,
                    0.8660253882408142,
                    -0.5,
                    -10.75
                ],
                [
                    0.0,
                    0.0,
                    0.0,
                    1.0
                ]
            ]
        },
        {
            "file_path": "./train/r_20",
            "rotation": 0.012566370614359171,
            "transform_matrix": [
                [
                    -6.123234262925839e-17,
                    0.5,
                    0.8660253882408142,
                    18.619544982910156
                ],
                [
                    1.0,
                    3.0616171314629196e-17,
                    5.302876236065149e-17,
                    1.1401183113446682e-15
                ],
                [
                    0.0,
                    0.8660253882408142,
                    -0.5,
                    -10.75
                ],
                [
                    0.0,
                    0.0,
                    0.0,
                    1.0
                ]
            ]
        },
        {
            "file_path": "./train/r_21",
            "rotation": 0.012566370614359171,
            "transform_matrix": [
                [
                    0.3826834261417389,
                    0.4619397521018982,
                    0.8001031279563904,
                    17.20221519470215
                ],
                [
                    0.9238795042037964,
                    -0.19134171307086945,
                    -0.3314135670661926,
                    -7.125391483306885
                ],
                [
                    0.0,
                    0.8660253882408142,
                    -0.5,
                    -10.75
                ],
                [
                    0.0,
                    0.0,
                    0.0,
                    1.0
                ]
            ]
        },
        {
            "file_path": "./train/r_22",
            "rotation": 0.012566370614359171,
            "transform_matrix": [
                [
                    0.7071067690849304,
                    0.3535533845424652,
                    0.6123723983764648,
                    13.166006088256836
                ],
                [
                    0.7071067690849304,
                    -0.3535533845424652,
                    -0.6123723983764648,
                    -13.166006088256836
                ],
                [
                    0.0,
                    0.8660253882408142,
                    -0.5,
                    -10.75
                ],
                [
                    0.0,
                    0.0,
                    0.0,
                    1.0
                ]
            ]
        },
        {
            "file_path": "./train/r_23",
            "rotation": 0.012566370614359171,
            "transform_matrix": [
                [
                    0.9238795042037964,
                    0.19134171307086945,
                    0.3314135670661926,
                    7.125391483306885
                ],
                [
                    0.3826834261417389,
                    -0.4619397521018982,
                    -0.8001031279563904,
                    -17.20221519470215
                ],
                [
                    0.0,
                    0.8660253882408142,
                    -0.5,
                    -10.75
                ],
                [
                    0.0,
                    0.0,
                    0.0,
                    1.0
                ]
            ]
        },
        {
            "file_path": "./train/r_24",
            "rotation": 0.012566370614359171,
            "transform_matrix": [
                [
                    1.0,
                    6.123234262925839e-17,
                    1.0605752472130298e-16,
                    2.2802366226893364e-15
                ],
                [
                    1.2246468525851679e-16,
                    -0.5,
                    -0.8660253882408142,
                    -18.619544982910156
                ],
                [
                    0.0,
                    0.8660253882408142,
                    -0.5,
                    -10.75
                ],
                [
                    0.0,
                    0.0,
                    0.0,
                    1.0
                ]
            ]
        },
        {
            "file_path": "./train/r_25",
            "rotation": 0.012566370614359171,
            "transform_matrix": [
                [
                    0.9238795042037964,
                    -0.19134171307086945,
                    -0.3314135670661926,
                    -7.125391483306885
                ],
                [
                    -0.3826834261417389,
                    -0.4619397521018982,
                    -0.8001031279563904,
                    -17.20221519470215
                ],
                [
                    0.0,
                    0.8660253882408142,
                    -0.5,
                    -10.75
                ],
                [
                    0.0,
                    0.0,
                    0.0,
                    1.0
                ]
            ]
        },
        {
            "file_path": "./train/r_26",
            "rotation": 0.012566370614359171,
            "transform_matrix": [
                [
                    0.7071067690849304,
                    -0.3535533845424652,
                    -0.6123723983764648,
                    -13.166006088256836
                ],
                [
                    -0.7071067690849304,
                    -0.3535533845424652,
                    -0.6123723983764648,
                    -13.166006088256836
                ],
                [
                    0.0,
                    0.8660253882408142,
                    -0.5,
                    -10.75
                ],
                [
                    0.0,
                    0.0,
                    0.0,
                    1.0
                ]
            ]
        },
        {
            "file_path": "./train/r_27",
            "rotation": 0.012566370614359171,
            "transform_matrix": [
                [
                    0.3826834261417389,
                    -0.4619397521018982,
                    -0.8001031279563904,
                    -17.20221519470215
                ],
                [
                    -0.9238795042037964,
                    -0.19134171307086945,
                    -0.3314135670661926,
                    -7.125391483306885
                ],
                [
                    0.0,
                    0.8660253882408142,
                    -0.5,
                    -10.75
                ],
                [
                    0.0,
                    0.0,
                    0.0,
                    1.0
                ]
            ]
        },
        {
            "file_path": "./train/r_28",
            "rotation": 0.012566370614359171,
            "transform_matrix": [
                [
                    1.8369701465288538e-16,
                    -0.5,
                    -0.8660253882408142,
                    -18.619544982910156
                ],
                [
                    -1.0,
                    -9.184850732644269e-17,
                    -1.5908627384706467e-16,
                    -3.4203548281548863e-15
                ],
                [
                    0.0,
                    0.8660253882408142,
                    -0.5,
                    -10.75
                ],
                [
                    0.0,
                    0.0,
                    0.0,
                    1.0
                ]
            ]
        },
        {
            "file_path": "./train/r_29",
            "rotation": 0.012566370614359171,
            "transform_matrix": [
                [
                    -0.3826834261417389,
                    -0.4619397521018982,
                    -0.8001031279563904,
                    -17.20221519470215
                ],
                [
                    -0.9238795042037964,
                    0.19134171307086945,
                    0.3314135670661926,
                    7.125391483306885
                ],
                [
                    0.0,
                    0.8660253882408142,
                    -0.5,
                    -10.75
                ],
                [
                    0.0,
                    0.0,
                    0.0,
                    1.0
                ]
            ]
        },
        {
            "file_path": "./train/r_30",
            "rotation": 0.012566370614359171,
            "transform_matrix": [
                [
                    -0.7071067690849304,
                    -0.3535533845424652,
                    -0.6123723983764648,
                    -13.166006088256836
                ],
                [
                    -0.7071067690849304,
                    0.3535533845424652,
                    0.6123723983764648,
                    13.166006088256836
                ],
                [
                    0.0,
                    0.8660253882408142,
                    -0.5,
                    -10.75
                ],
                [
                    0.0,
                    0.0,
                    0.0,
                    1.0
                ]
            ]
        },
        {
            "file_path": "./train/r_31",
            "rotation": 0.012566370614359171,
            "transform_matrix": [
                [
                    -0.9238795042037964,
                    -0.19134171307086945,
                    -0.3314135670661926,
                    -7.125391483306885
                ],
                [
                    -0.3826834261417389,
                    0.4619397521018982,
                    0.8001031279563904,
                    17.20221519470215
                ],
                [
                    0.0,
                    0.8660253882408142,
                    -0.5,
                    -10.75
                ],
                [
                    0.0,
                    0.0,
                    0.0,
                    1.0
                ]
            ]
        },
        {
            "file_path": "./train/r_32",
            "rotation": 0.012566370614359171,
            "transform_matrix": [
                [
                    -1.0,
                    0.0,
                    0.0,
                    0.0
                ],
                [
                    0.0,
                    0.6946583986282349,
                    0.7193397879600525,
                    14.386795997619629
                ],
                [
                    0.0,
                    0.7193397879600525,
                    -0.6946583986282349,
                    -13.893167495727539
                ],
                [
                    0.0,
                    0.0,
                    0.0,
                    1.0
                ]
            ]
        },
        {
            "file_path": "./train/r_33",
            "rotation": 0.012566370614359171,
            "transform_matrix": [
                [
                    -0.9238795042037964,
                    0.265834242105484,
                    0.2752794027328491,
                    5.505588531494141
                ],
                [
                    0.3826834261417389,
                    0.64178067445755,
                    0.6645832657814026,
                    13.291666030883789
                ],
                [
                    0.0,
                    0.7193397879600525,
                    -0.6946583986282349,
                    -13.893167495727539
                ],
                [
                    0.0,
                    0.0,
                    0.0,
                    1.0
                ]
            ]
        },
        {
            "file_path": "./train/r_34",
            "rotation": 0.012566370614359171,
            "transform_matrix": [
                [
                    -0.7071067690849304,
                    0.4911976456642151,
                    0.508650004863739,
                    10.173001289367676
                ],
                [
                    0.7071067690849304,
                    0.4911976456642151,
                    0.508650004863739,
                    10.173001289367676
                ],
                [
                    0.0,
                    0.7193397879600525,
                    -0.6946583986282349,
                    -13.893167495727539
                ],
                [
                    0.0,
                    0.0,
                    0.0,
                    1.0
                ]
            ]
        },
        {
            "file_path": "./train/r_35",
            "rotation": 0.012566370614359171,
            "transform_matrix": [
                [
                    -0.3826834261417389,
                    0.64178067445755,
                    0.6645832657814026,
                    13.291666030883789
                ],
                [
                    0.9238795042037964,
                    0.265834242105484,
                    0.2752794027328491,
                    5.505588531494141
                ],
                [
                    0.0,
                    0.7193397879600525,
                    -0.6946583986282349,
                    -13.893167495727539
                ],
                [
                    0.0,
                    0.0,
                    0.0,
                    1.0
                ]
            ]
        },
        {
            "file_path": "./train/r_36",
            "rotation": 0.012566370614359171,
            "transform_matrix": [
                [
                    -6.123234262925839e-17,
                    0.6946583986282349,
                    0.7193397879600525,
                    14.386795997619629
                ],
                [
                    1.0,
                    4.253556270011006e-17,
                    4.404686138391384e-17,
                    8.809372409131666e-16
                ],
                [
                    0.0,
                    0.7193397879600525,
                    -0.6946583986282349,
                    -13.893167495727539
                ],
                [
                    0.0,
                    0.0,
                    0.0,
                    1.0
                ]
            ]
        },
        {
            "file_path": "./train/r_37",
            "rotation": 0.012566370614359171,
            "transform_matrix": [
                [
                    0.3826834261417389,
                    0.64178067445755,
                    0.6645832657814026,
                    13.291666030883789
                ],
                [
                    0.9238795042037964,
                    -0.265834242105484,
                    -0.2752794027328491,
                    -5.505588531494141
                ],
                [
                    0.0,
                    0.7193397879600525,
                    -0.6946583986282349,
                    -13.893167495727539
                ],
                [
                    0.0,
                    0.0,
                    0.0,
                    1.0
                ]
            ]
        },
        {
            "file_path": "./train/r_38",
            "rotation": 0.012566370614359171,
            "transform_matrix": [
                [
                    0.7071067690849304,
                    0.4911976456642151,
                    0.508650004863739,
                    10.173001289367676
                ],
                [
                    0.7071067690849304,
                    -0.4911976456642151,
                    -0.508650004863739,
                    -10.173001289367676
                ],
                [
                    0.0,
                    0.7193397879600525,
                    -0.6946583986282349,
                    -13.893167495727539
                ],
                [
                    0.0,
                    0.0,
                    0.0,
                    1.0
                ]
            ]
        },
        {
            "file_path": "./train/r_39",
            "rotation": 0.012566370614359171,
            "transform_matrix": [
                [
                    0.9238795042037964,
                    0.265834242105484,
                    0.2752794027328491,
                    5.505588531494141
                ],
                [
                    0.3826834261417389,
                    -0.64178067445755,
                    -0.6645832657814026,
                    -13.291666030883789
                ],
                [
                    0.0,
                    0.7193397879600525,
                    -0.6946583986282349,
                    -13.893167495727539
                ],
                [
                    0.0,
                    0.0,
                    0.0,
                    1.0
                ]
            ]
        },
        {
            "file_path": "./train/r_40",
            "rotation": 0.012566370614359171,
            "transform_matrix": [
                [
                    1.0,
                    8.507112540022011e-17,
                    8.809372276782768e-17,
                    1.7618744818263333e-15
                ],
                [
                    1.2246468525851679e-16,
                    -0.6946583986282349,
                    -0.7193397879600525,
                    -14.386795997619629
                ],
                [
                    0.0,
                    0.7193397879600525,
                    -0.6946583986282349,
                    -13.893167495727539
                ],
                [
                    0.0,
                    0.0,
                    0.0,
                    1.0
                ]
            ]
        },
        {
            "file_path": "./train/r_41",
            "rotation": 0.012566370614359171,
            "transform_matrix": [
                [
                    0.9238795042037964,
                    -0.265834242105484,
                    -0.2752794027328491,
                    -5.505588531494141
                ],
                [
                    -0.3826834261417389,
                    -0.64178067445755,
                    -0.6645832657814026,
                    -13.291666030883789
                ],
                [
                    0.0,
                    0.7193397879600525,
                    -0.6946583986282349,
                    -13.893167495727539
                ],
                [
                    0.0,
                    0.0,
                    0.0,
                    1.0
                ]
            ]
        },
        {
            "file_path": "./train/r_42",
            "rotation": 0.012566370614359171,
            "transform_matrix": [
                [
                    0.7071067690849304,
                    -0.4911976456642151,
                    -0.508650004863739,
                    -10.173001289367676
                ],
                [
                    -0.7071067690849304,
                    -0.4911976456642151,
                    -0.508650004863739,
                    -10.173001289367676
                ],
                [
                    0.0,
                    0.7193397879600525,
                    -0.6946583986282349,
                    -13.893167495727539
                ],
                [
                    0.0,
                    0.0,
                    0.0,
                    1.0
                ]
            ]
        },
        {
            "file_path": "./train/r_43",
            "rotation": 0.012566370614359171,
            "transform_matrix": [
                [
                    0.3826834261417389,
                    -0.64178067445755,
                    -0.6645832657814026,
                    -13.291666030883789
                ],
                [
                    -0.9238795042037964,
                    -0.265834242105484,
                    -0.2752794027328491,
                    -5.505588531494141
                ],
                [
                    0.0,
                    0.7193397879600525,
                    -0.6946583986282349,
                    -13.893167495727539
                ],
                [
                    0.0,
                    0.0,
                    0.0,
                    1.0
                ]
            ]
        },
        {
            "file_path": "./train/r_44",
            "rotation": 0.012566370614359171,
            "transform_matrix": [
                [
                    1.8369701465288538e-16,
                    -0.6946583986282349,
                    -0.7193397879600525,
                    -14.386795997619629
                ],
                [
                    -1.0,
                    -1.2760667817416282e-16,
                    -1.3214056760812927e-16,
                    -2.6428114051021447e-15
                ],
                [
                    0.0,
                    0.7193397879600525,
                    -0.6946583986282349,
                    -13.893167495727539
                ],
                [
                    0.0,
                    0.0,
                    0.0,
                    1.0
                ]
            ]
        },
        {
            "file_path": "./train/r_45",
            "rotation": 0.012566370614359171,
            "transform_matrix": [
                [
                    -0.3826834261417389,
