{
    "camera_angle_x": 0.6911112070083618,
    "frames": [
        {
            "file_path": "./train/r_0",
            "rotation": 0.012566370614359171,
            "transform_matrix": [
                [
                    -1.0,
                    0.0,
                    0.0,
                    0.0
                ],
                [
                    0.0,
                    0.9743700623512268,
                    0.22495105862617493,
                    0.04274069890379906
                ],
                [
                    0.0,
                    0.22495105862617493,
                    -0.9743700623512268,
                    -0.185130313038826
                ],
                [
                    0.0,
                    0.0,
                    0.0,
                    1.0
                ]
            ]
        },
        {
            "file_path": "./train/r_1",
            "rotation": 0.012566370614359171,
            "transform_matrix": [
                [
                    -0.9238795042037964,
                    0.37287527322769165,
                    0.08608504384756088,
                    0.016356157138943672
                ],
                [
                    0.3826834261417389,
                    0.9002005457878113,
                    0.20782767236232758,
                    0.03948725387454033
                ],
                [
                    0.0,
                    0.22495105862617493,
                    -0.9743700623512268,
                    -0.185130313038826
                ],
                [
                    0.0,
                    0.0,
                    0.0,
                    1.0
                ]
            ]
        },
        {
            "file_path": "./train/r_2",
            "rotation": 0.012566370614359171,
            "transform_matrix": [
                [
                    -0.7071067690849304,
                    0.688983678817749,
                    0.1590644121170044,
                    0.03022223711013794
                ],
                [
                    0.7071067690849304,
                    0.688983678817749,
                    0.1590644121170044,
                    0.03022223711013794
                ],
                [
                    0.0,
                    0.22495105862617493,
                    -0.9743700623512268,
                    -0.185130313038826
                ],
                [
                    0.0,
                    0.0,
                    0.0,
                    1.0
                ]
            ]
        },
        {
            "file_path": "./train/r_3",
            "rotation": 0.012566370614359171,
            "transform_matrix": [
                [
                    -0.3826834261417389,
                    0.9002005457878113,
                    0.20782767236232758,
                    0.03948725387454033
                ],
                [
                    0.9238795042037964,
                    0.37287527322769165,
                    0.08608504384756088,
                    0.016356157138943672
                ],
                [
                    0.0,
                    0.22495105862617493,
                    -0.9743700623512268,
                    -0.185130313038826
                ],
                [
                    0.0,
                    0.0,
                    0.0,
                    1.0
                ]
            ]
        },
        {
            "file_path": "./train/r_4",
            "rotation": 0.012566370614359171,
            "transform_matrix": [
                [
                    -6.123234262925839e-17,
                    0.9743700623512268,
                    0.22495105862617493,
                    0.04274069890379906
                ],
                [
                    1.0,
                    5.966296263156359e-17,
                    1.3774280216223859e-17,
                    2.6171130177437678e-18
                ],
                [
                    0.0,
                    0.22495105862617493,
                    -0.9743700623512268,
                    -0.185130313038826
                ],
                [
                    0.0,
                    0.0,
                    0.0,
                    1.0
                ]
            ]
        },
        {
            "file_path": "./train/r_5",
            "rotation": 0.012566370614359171,
            "transform_matrix": [
                [
                    0.3826834261417389,
                    0.9002005457878113,
                    0.20782767236232758,
                    0.03948725387454033
                ],
                [
                    0.9238795042037964,
                    -0.37287527322769165,
                    -0.08608504384756088,
                    -0.016356157138943672
                ],
                [
                    0.0,
                    0.22495105862617493,
                    -0.9743700623512268,
                    -0.185130313038826
                ],
                [
                    0.0,
                    0.0,
                    0.0,
                    1.0
                ]
            ]
        },
        {
            "file_path": "./train/r_6",
            "rotation": 0.012566370614359171,
            "transform_matrix": [
                [
                    0.7071067690849304,
                    0.688983678817749,
                    0.1590644121170044,
                    0.03022223711013794
                ],
                [
                    0.7071067690849304,
                    -0.688983678817749,
                    -0.1590644121170044,
                    -0.03022223711013794
                ],
                [
                    0.0,
                    0.22495105862617493,
                    -0.9743700623512268,
                    -0.185130313038826
                ],
                [
                    0.0,
                    0.0,
                    0.0,
                    1.0
                ]
            ]
        },
        {
            "file_path": "./train/r_7",
            "rotation": 0.012566370614359171,
            "transform_matrix": [
                [
                    0.9238795042037964,
                    0.37287527322769165,
                    0.08608504384756088,
                    0.016356157138943672
                ],
                [
                    0.3826834261417389,
                    -0.9002005457878113,
                    -0.20782767236232758,
                    -0.03948725387454033
                ],
                [
                    0.0,
                    0.22495105862617493,
                    -0.9743700623512268,
                    -0.185130313038826
                ],
                [
                    0.0,
                    0.0,
                    0.0,
                    1.0
                ]
            ]
        },
        {
            "file_path": "./train/r_8",
            "rotation": 0.012566370614359171,
            "transform_matrix": [
                [
                    1.0,
                    1.1932592526312717e-16,
                    2.7548560432447717e-17,
                    5.2342260354875355e-18
                ],
                [
                    1.2246468525851679e-16,
                    -0.9743700623512268,
                    -0.22495105862617493,
                    -0.04274069890379906
                ],
                [
                    0.0,
                    0.22495105862617493,
                    -0.9743700623512268,
                    -0.185130313038826
                ],
                [
                    0.0,
                    0.0,
                    0.0,
                    1.0
                ]
            ]
        },
        {
            "file_path": "./train/r_9",
            "rotation": 0.012566370614359171,
            "transform_matrix": [
                [
                    0.9238795042037964,
                    -0.37287527322769165,
                    -0.08608504384756088,
                    -0.016356157138943672
                ],
                [
                    -0.3826834261417389,
                    -0.9002005457878113,
                    -0.20782767236232758,
                    -0.03948725387454033
                ],
                [
                    0.0,
                    0.22495105862617493,
                    -0.9743700623512268,
                    -0.185130313038826
                ],
                [
                    0.0,
                    0.0,
                    0.0,
                    1.0
                ]
            ]
        },
        {
            "file_path": "./train/r_10",
            "rotation": 0.012566370614359171,
            "transform_matrix": [
                [
                    0.7071067690849304,
                    -0.688983678817749,
                    -0.1590644121170044,
                    -0.03022223711013794
                ],
                [
                    -0.7071067690849304,
                    -0.688983678817749,
                    -0.1590644121170044,
                    -0.03022223711013794
                ],
                [
                    0.0,
                    0.22495105862617493,
                    -0.9743700623512268,
                    -0.185130313038826
                ],
                [
                    0.0,
                    0.0,
                    0.0,
                    1.0
                ]
            ]
        },
        {
            "file_path": "./train/r_11",
            "rotation": 0.012566370614359171,
            "transform_matrix": [
                [
                    0.3826834261417389,
                    -0.9002005457878113,
                    -0.20782767236232758,
                    -0.03948725387454033
                ],
                [
                    -0.9238795042037964,
                    -0.37287527322769165,
                    -0.08608504384756088,
                    -0.016356157138943672
                ],
                [
                    0.0,
                    0.22495105862617493,
                    -0.9743700623512268,
                    -0.185130313038826
                ],
                [
                    0.0,
                    0.0,
                    0.0,
                    1.0
                ]
            ]
        },
        {
            "file_path": "./train/r_12",
            "rotation": 0.012566370614359171,
            "transform_matrix": [
                [
                    1.8369701465288538e-16,
                    -0.9743700623512268,
                    -0.22495105862617493,
                    -0.04274069890379906
                ],
                [
                    -1.0,
                    -1.7898887465980095e-16,
                    -4.1322836512768513e-17,
                    -7.851338639640997e-18
                ],
                [
                    0.0,
                    0.22495105862617493,
                    -0.9743700623512268,
                    -0.185130313038826
                ],
                [
                    0.0,
                    0.0,
                    0.0,
                    1.0
                ]
            ]
        },
        {
            "file_path": "./train/r_13",
            "rotation": 0.012566370614359171,
            "transform_matrix": [
                [
                    -0.3826834261417389,
                    -0.9002005457878113,
                    -0.20782767236232758,
                    -0.03948725387454033
                ],
                [
                    -0.9238795042037964,
                    0.37287527322769165,
                    0.08608504384756088,
                    0.016356157138943672
                ],
                [
                    0.0,
                    0.22495105862617493,
                    -0.9743700623512268,
                    -0.185130313038826
                ],
                [
                    0.0,
                    0.0,
                    0.0,
                    1.0
                ]
            ]
        },
        {
            "file_path": "./train/r_14",
            "rotation": 0.012566370614359171,
            "transform_matrix": [
                [
                    -0.7071067690849304,
                    -0.688983678817749,
                    -0.1590644121170044,
                    -0.03022223711013794
                ],
                [
                    -0.7071067690849304,
                    0.688983678817749,
                    0.1590644121170044,
                    0.03022223711013794
                ],
                [
                    0.0,
                    0.22495105862617493,
                    -0.9743700623512268,
                    -0.185130313038826
                ],
                [
                    0.0,
                    0.0,
                    0.0,
                    1.0
                ]
            ]
        },
        {
            "file_path": "./train/r_15",
            "rotation": 0.012566370614359171,
            "transform_matrix": [
                [
                    -0.9238795042037964,
                    -0.37287527322769165,
                    -0.08608504384756088,
                    -0.016356157138943672
                ],
                [
                    -0.3826834261417389,
                    0.9002005457878113,
                    0.20782767236232758,
                    0.03948725387454033
                ],
                [
                    0.0,
                    0.22495105862617493,
                    -0.9743700623512268,
                    -0.185130313038826
                ],
                [
                    0.0,
                    0.0,
                    0.0,
                    1.0
                ]
            ]
        },
        {
            "file_path": "./train/r_16",
            "rotation": 0.012566370614359171,
            "transform_matrix": [
                [
                    -1.0,
                    0.0,
                    0.0,
                    0.0
                ],
                [
                    0.0,
                    0.8660253882408142,
                    0.5,
                    0.10750000178813934
                ],
                [
                    0.0,
                    0.5,
                    -0.8660253882408142,
                    -0.1861954629421234
                ],
                [
                    0.0,
                    0.0,
                    0.0,
                    1.0
                ]
            ]
        },
        {
            "file_path": "./train/r_17",
            "rotation": 0.012566370614359171,
            "transform_matrix": [
                [
                    -0.9238795042037964,
                    0.3314135670661926,
                    0.19134171307086945,
                    0.04113847017288208
                ],
                [
                    0.3826834261417389,
                    0.8001031279563904,
                    0.4619397521018982,
                    0.0993170514702797
                ],
                [
                    0.0,
                    0.5,
                    -0.8660253882408142,
                    -0.1861954629421234
                ],
                [
                    0.0,
                    0.0,
                    0.0,
                    1.0
                ]
            ]
        },
        {
            "file_path": "./train/r_18",
            "rotation": 0.012566370614359171,
            "transform_matrix": [
                [
                    -0.7071067690849304,
                    0.6123723983764648,
                    0.3535533845424652,
                    0.07601398229598999
                ],
                [
                    0.7071067690849304,
                    0.6123723983764648,
                    0.3535533845424652,
                    0.07601398229598999
                ],
                [
                    0.0,
                    0.5,
                    -0.8660253882408142,
                    -0.1861954629421234
                ],
                [
                    0.0,
                    0.0,
                    0.0,
                    1.0
                ]
            ]
        },
        {
            "file_path": "./train/r_19",
            "rotation": 0.012566370614359171,
            "transform_matrix": [
                [
                    -0.3826834261417389,
                    0.8001031279563904,
                    0.4619397521018982,
                    0.0993170514702797
                ],
                [
                    0.9238795042037964,
                    0.3314135670661926,
                    0.19134171307086945,
                    0.04113847017288208
                ],
                [
                    0.0,
                    0.5,
                    -0.8660253882408142,
                    -0.1861954629421234
                ],
                [
                    0.0,
                    0.0,
                    0.0,
                    1.0
                ]
            ]
        },
        {
            "file_path": "./train/r_20",
            "rotation": 0.012566370614359171,
            "transform_matrix": [
                [
                    -6.123234262925839e-17,
                    0.8660253882408142,
                    0.5,
                    0.10750000178813934
                ],
                [
                    1.0,
                    5.302876236065149e-17,
                    3.0616171314629196e-17,
                    6.582477080799461e-18
                ],
                [
                    0.0,
                    0.5,
                    -0.8660253882408142,
                    -0.1861954629421234
                ],
                [
                    0.0,
                    0.0,
                    0.0,
                    1.0
                ]
            ]
        },
        {
            "file_path": "./train/r_21",
            "rotation": 0.012566370614359171,
            "transform_matrix": [
                [
                    0.3826834261417389,
                    0.8001031279563904,
                    0.4619397521018982,
                    0.0993170514702797
                ],
                [
                    0.9238795042037964,
                    -0.3314135670661926,
                    -0.19134171307086945,
                    -0.04113847017288208
                ],
                [
                    0.0,
                    0.5,
                    -0.8660253882408142,
                    -0.1861954629421234
                ],
                [
                    0.0,
                    0.0,
                    0.0,
                    1.0
                ]
            ]
        },
        {
            "file_path": "./train/r_22",
            "rotation": 0.012566370614359171,
            "transform_matrix": [
                [
                    0.7071067690849304,
                    0.6123723983764648,
                    0.3535533845424652,
                    0.07601398229598999
                ],
                [
                    0.7071067690849304,
                    -0.6123723983764648,
                    -0.3535533845424652,
                    -0.07601398229598999
                ],
                [
                    0.0,
                    0.5,
                    -0.8660253882408142,
                    -0.1861954629421234
                ],
                [
                    0.0,
                    0.0,
                    0.0,
                    1.0
                ]
            ]
        },
        {
            "file_path": "./train/r_23",
            "rotation": 0.012566370614359171,
            "transform_matrix": [
                [
                    0.9238795042037964,
                    0.3314135670661926,
                    0.19134171307086945,
                    0.04113847017288208
                ],
                [
                    0.3826834261417389,
                    -0.8001031279563904,
                    -0.4619397521018982,
                    -0.0993170514702797
                ],
                [
                    0.0,
                    0.5,
                    -0.8660253882408142,
                    -0.1861954629421234
                ],
                [
                    0.0,
                    0.0,
                    0.0,
                    1.0
                ]
            ]
        },
        {
            "file_path": "./train/r_24",
            "rotation": 0.012566370614359171,
            "transform_matrix": [
                [
                    1.0,
                    1.0605752472130298e-16,
                    6.123234262925839e-17,
                    1.3164954161598922e-17
                ],
                [
                    1.2246468525851679e-16,
                    -0.8660253882408142,
                    -0.5,
                    -0.10750000178813934
                ],
                [
                    0.0,
                    0.5,
                    -0.8660253882408142,
                    -0.1861954629421234
                ],
                [
                    0.0,
                    0.0,
                    0.0,
                    1.0
                ]
            ]
        },
        {
            "file_path": "./train/r_25",
            "rotation": 0.012566370614359171,
            "transform_matrix": [
                [
                    0.9238795042037964,
                    -0.3314135670661926,
                    -0.19134171307086945,
                    -0.04113847017288208
                ],
                [
                    -0.3826834261417389,
                    -0.8001031279563904,
                    -0.4619397521018982,
                    -0.0993170514702797
                ],
                [
                    0.0,
                    0.5,
                    -0.8660253882408142,
                    -0.1861954629421234
                ],
                [
                    0.0,
                    0.0,
                    0.0,
                    1.0
                ]
            ]
        },
        {
            "file_path": "./train/r_26",
            "rotation": 0.012566370614359171,
            "transform_matrix": [
                [
                    0.7071067690849304,
                    -0.6123723983764648,
                    -0.3535533845424652,
                    -0.07601398229598999
                ],
                [
                    -0.7071067690849304,
                    -0.6123723983764648,
                    -0.3535533845424652,
                    -0.07601398229598999
                ],
                [
                    0.0,
                    0.5,
                    -0.8660253882408142,
                    -0.1861954629421234
                ],
                [
                    0.0,
                    0.0,
                    0.0,
                    1.0
                ]
            ]
        },
        {
            "file_path": "./train/r_27",
            "rotation": 0.012566370614359171,
            "transform_matrix": [
                [
                    0.3826834261417389,
                    -0.8001031279563904,
                    -0.4619397521018982,
                    -0.0993170514702797
                ],
                [
                    -0.9238795042037964,
                    -0.3314135670661926,
                    -0.19134171307086945,
                    -0.04113847017288208
                ],
                [
                    0.0,
                    0.5,
                    -0.8660253882408142,
                    -0.1861954629421234
                ],
                [
                    0.0,
                    0.0,
                    0.0,
                    1.0
                ]
            ]
        },
        {
            "file_path": "./train/r_28",
            "rotation": 0.012566370614359171,
            "transform_matrix": [
                [
                    1.8369701465288538e-16,
                    -0.8660253882408142,
                    -0.5,
                    -0.10750000178813934
                ],
                [
                    -1.0,
                    -1.5908627384706467e-16,
                    -9.184850732644269e-17,
                    -1.9747430001627464e-17
                ],
                [
                    0.0,
                    0.5,
                    -0.8660253882408142,
                    -0.1861954629421234
                ],
                [
                    0.0,
                    0.0,
                    0.0,
                    1.0
                ]
            ]
        },
        {
            "file_path": "./train/r_29",
            "rotation": 0.012566370614359171,
            "transform_matrix": [
                [
                    -0.3826834261417389,
                    -0.8001031279563904,
                    -0.4619397521018982,
                    -0.0993170514702797
                ],
                [
                    -0.9238795042037964,
                    0.3314135670661926,
                    0.19134171307086945,
                    0.04113847017288208
                ],
                [
                    0.0,
                    0.5,
                    -0.8660253882408142,
                    -0.1861954629421234
                ],
                [
                    0.0,
                    0.0,
                    0.0,
                    1.0
                ]
            ]
        },
        {
            "file_path": "./train/r_30",
            "rotation": 0.012566370614359171,
            "transform_matrix": [
                [
                    -0.7071067690849304,
                    -0.6123723983764648,
                    -0.3535533845424652,
                    -0.07601398229598999
                ],
                [
                    -0.7071067690849304,
                    0.6123723983764648,
                    0.3535533845424652,
                    0.07601398229598999
                ],
                [
                    0.0,
                    0.5,
                    -0.8660253882408142,
                    -0.1861954629421234
                ],
                [
                    0.0,
                    0.0,
                    0.0,
                    1.0
                ]
            ]
        },
        {
            "file_path": "./train/r_31",
            "rotation": 0.012566370614359171,
            "transform_matrix": [
                [
                    -0.9238795042037964,
                    -0.3314135670661926,
                    -0.19134171307086945,
                    -0.04113847017288208
                ],
                [
                    -0.3826834261417389,
                    0.8001031279563904,
                    0.4619397521018982,
                    0.0993170514702797
                ],
                [
                    0.0,
                    0.5,
                    -0.8660253882408142,
                    -0.1861954629421234
                ],
                [
                    0.0,
                    0.0,
                    0.0,
                    1.0
                ]
            ]
        },
        {
            "file_path": "./train/r_32",
            "rotation": 0.012566370614359171,
            "transform_matrix": [
                [
                    -1.0,
                    0.0,
                    0.0,
                    0.0
                ],
                [
                    0.0,
                    0.7193397879600525,
                    0.6946583986282349,
                    0.13893167674541473
                ],
                [
                    0.0,
                    0.6946583986282349,
                    -0.7193397879600525,
                    -0.14386795461177826
                ],
                [
                    0.0,
                    0.0,
                    0.0,
                    1.0
                ]
            ]
        },
        {
            "file_path": "./train/r_33",
            "rotation": 0.012566370614359171,
            "transform_matrix": [
                [
                    -0.9238795042037964,
                    0.2752794027328491,
                    0.265834242105484,
                    0.05316685140132904
                ],
                [
                    0.3826834261417389,
                    0.6645832657814026,
                    0.64178067445755,
                    0.12835612893104553
                ],
                [
                    0.0,
                    0.6946583986282349,
                    -0.7193397879600525,
                    -0.14386795461177826
                ],
                [
                    0.0,
                    0.0,
                    0.0,
                    1.0
                ]
            ]
        },
        {
            "file_path": "./train/r_34",
            "rotation": 0.012566370614359171,
            "transform_matrix": [
                [
                    -0.7071067690849304,
                    0.508650004863739,
                    0.4911976456642151,
                    0.09823952615261078
                ],
                [
                    0.7071067690849304,
                    0.508650004863739,
                    0.4911976456642151,
                    0.09823952615261078
                ],
                [
                    0.0,
                    0.6946583986282349,
                    -0.7193397879600525,
                    -0.14386795461177826
                ],
                [
                    0.0,
                    0.0,
                    0.0,
                    1.0
                ]
            ]
        },
        {
            "file_path": "./train/r_35",
            "rotation": 0.012566370614359171,
            "transform_matrix": [
                [
                    -0.3826834261417389,
                    0.6645832657814026,
                    0.64178067445755,
                    0.12835612893104553
                ],
                [
                    0.9238795042037964,
                    0.2752794027328491,
                    0.265834242105484,
                    0.05316685140132904
                ],
                [
                    0.0,
                    0.6946583986282349,
                    -0.7193397879600525,
                    -0.14386795461177826
                ],
                [
                    0.0,
                    0.0,
                    0.0,
                    1.0
                ]
            ]
        },
        {
            "file_path": "./train/r_36",
            "rotation": 0.012566370614359171,
            "transform_matrix": [
                [
                    -6.123234262925839e-17,
                    0.7193397879600525,
                    0.6946583986282349,
                    0.13893167674541473
                ],
                [
                    1.0,
                    4.404686138391384e-17,
                    4.253556270011006e-17,
                    8.507111712841399e-18
                ],
                [
                    0.0,
                    0.6946583986282349,
                    -0.7193397879600525,
                    -0.14386795461177826
                ],
                [
                    0.0,
                    0.0,
                    0.0,
                    1.0
                ]
            ]
        },
        {
            "file_path": "./train/r_37",
            "rotation": 0.012566370614359171,
            "transform_matrix": [
                [
                    0.3826834261417389,
                    0.6645832657814026,
                    0.64178067445755,
                    0.12835612893104553
                ],
                [
                    0.9238795042037964,
                    -0.2752794027328491,
                    -0.265834242105484,
                    -0.05316685140132904
                ],
                [
                    0.0,
                    0.6946583986282349,
                    -0.7193397879600525,
                    -0.14386795461177826
                ],
                [
                    0.0,
                    0.0,
                    0.0,
                    1.0
                ]
            ]
        },
        {
            "file_path": "./train/r_38",
            "rotation": 0.012566370614359171,
            "transform_matrix": [
                [
                    0.7071067690849304,
                    0.508650004863739,
                    0.4911976456642151,
                    0.09823952615261078
                ],
                [
                    0.7071067690849304,
                    -0.508650004863739,
                    -0.4911976456642151,
                    -0.09823952615261078
                ],
                [
                    0.0,
                    0.6946583986282349,
                    -0.7193397879600525,
                    -0.14386795461177826
                ],
                [
                    0.0,
                    0.0,
                    0.0,
                    1.0
                ]
            ]
        },
        {
            "file_path": "./train/r_39",
            "rotation": 0.012566370614359171,
            "transform_matrix": [
                [
                    0.9238795042037964,
                    0.2752794027328491,
                    0.265834242105484,
                    0.05316685140132904
                ],
                [
                    0.3826834261417389,
                    -0.6645832657814026,
                    -0.64178067445755,
                    -0.12835612893104553
                ],
                [
                    0.0,
                    0.6946583986282349,
                    -0.7193397879600525,
                    -0.14386795461177826
                ],
                [
                    0.0,
                    0.0,
                    0.0,
                    1.0
                ]
            ]
        },
        {
            "file_path": "./train/r_40",
            "rotation": 0.012566370614359171,
            "transform_matrix": [
                [
                    1.0,
                    8.809372276782768e-17,
                    8.507112540022011e-17,
                    1.7014223425682798e-17
                ],
                [
                    1.2246468525851679e-16,
                    -0.7193397879600525,
                    -0.6946583986282349,
                    -0.13893167674541473
                ],
                [
                    0.0,
                    0.6946583986282349,
                    -0.7193397879600525,
                    -0.14386795461177826
                ],
                [
                    0.0,
                    0.0,
                    0.0,
                    1.0
                ]
            ]
        },
        {
            "file_path": "./train/r_41",
            "rotation": 0.012566370614359171,
            "transform_matrix": [
                [
                    0.9238795042037964,
                    -0.2752794027328491,
                    -0.265834242105484,
                    -0.05316685140132904
                ],
                [
                    -0.3826834261417389,
                    -0.6645832657814026,
                    -0.64178067445755,
                    -0.12835612893104553
                ],
                [
                    0.0,
                    0.6946583986282349,
                    -0.7193397879600525,
                    -0.14386795461177826
                ],
                [
                    0.0,
                    0.0,
                    0.0,
                    1.0
                ]
            ]
        },
        {
            "file_path": "./train/r_42",
            "rotation": 0.012566370614359171,
            "transform_matrix": [
                [
                    0.7071067690849304,
                    -0.508650004863739,
                    -0.4911976456642151,
                    -0.09823952615261078
                ],
                [
                    -0.7071067690849304,
                    -0.508650004863739,
                    -0.4911976456642151,
                    -0.09823952615261078
                ],
                [
                    0.0,
                    0.6946583986282349,
                    -0.7193397879600525,
                    -0.14386795461177826
                ],
                [
                    0.0,
                    0.0,
                    0.0,
                    1.0
                ]
            ]
        },
        {
            "file_path": "./train/r_43",
            "rotation": 0.012566370614359171,
            "transform_matrix": [
                [
                    0.3826834261417389,
                    -0.6645832657814026,
                    -0.64178067445755,
                    -0.12835612893104553
                ],
                [
                    -0.9238795042037964,
                    -0.2752794027328491,
                    -0.265834242105484,
                    -0.05316685140132904
                ],
                [
                    0.0,
                    0.6946583986282349,
                    -0.7193397879600525,
                    -0.14386795461177826
                ],
                [
                    0.0,
                    0.0,
                    0.0,
                    1.0
                ]
            ]
        },
        {
            "file_path": "./train/r_44",
            "rotation": 0.012566370614359171,
            "transform_matrix": [
                [
                    1.8369701465288538e-16,
                    -0.7193397879600525,
                    -0.6946583986282349,
                    -0.13893167674541473
                ],
                [
                    -1.0,
                    -1.3214056760812927e-16,
                    -1.2760667817416282e-16,
                    -2.5521334311343584e-17
                ],
                [
                    0.0,
                    0.6946583986282349,
                    -0.7193397879600525,
                    -0.14386795461177826
                ],
                [
                    0.0,
